100.0000000
99.3651505
98.7303009
98.0954590
97.4606323
96.8258057
96.1910172
95.5562286
94.9214783
94.2867279
93.6520386
93.0173416
92.3827133
91.7480850
91.1135406
90.4789886
89.8445282
89.2100601
88.5756989
87.9413376
87.3070831
86.6728363
86.0387039
85.4045715
84.7705688
84.1365662
83.5027084
82.8688507
82.2351379
81.6014252
80.9678802
80.3343353
79.7009583
79.0675735
78.4343719
77.8011627
77.1681442
76.5351257
75.9023056
75.2694855
74.6368561
74.0042343
73.3718109
72.7393951
72.1071854
71.4749756
70.8429871
70.2109985
69.5792389
68.9474792
68.3159409
67.6844025
67.0531006
66.4217987
65.7907257
65.1596527
64.5288162
63.8979759
63.2673798
62.6367798
62.0064240
61.3760719
60.7459641
60.1158600
59.4860039
58.8561478
58.2265396
57.5969315
56.9675674
56.3381996
55.7090759
55.0799484
54.4510574
53.8221664
53.1935120
52.5648613
51.9364395
51.3080215
50.6798325
50.0516434
49.4236794
48.7957153
48.1679688
47.5402260
46.9126968
46.2851677
45.6578484
45.0305290
44.4034119
43.7762985
43.1493759
42.5224533
41.8957214
41.2689896
40.6424408
40.0158920
39.3895149
38.7631378
38.1369247
37.5107117
36.8846550
36.2585983
35.6326866
35.0067749
34.3810005
33.7552261
33.1295776
32.5039291
31.8783951
31.2528629
30.6274357
30.0020084
29.3766747
28.7513428
28.1260910
27.5008392
26.8756599
26.2504807
25.6253605
25.0002403
24.3751678
23.7500954
23.1250610
22.5000248
21.8750114
21.2500000
20.6250000
20.0000000
